"{'tlp': (1900, 2295), 'brp': (2261, 2000), 'border': 50, 'loc_back_radius': 50, 'max_radius': 30, 'selection_std_multiplier': 4, 'growth_std_multiplier': 4}"
Name,Centre x,Centre y,Calibrated Magnitude,CM Error,Radius,Area,Total Uncorrected Flux Through Aperture,F Error form Bakcgorund Removal,F Number Counting Error,Aperture Cutoff Flux Correction,ACFC Error,Background Flux Mean,Background Flux Std
0,69,133,12.604395109359228,0.004644006561390978,24,1793,6241487,377.5882994093781,346.035756964565,1.8389701492325891e-09,4.287993802525368e-09,3414.247771836007,8.9171974522293
1,270,84,13.378406720283124,0.006422626756101014,15,709,2479676,248.74530193229356,242.27843358757053,1.0539270584777773,0.5406069316568692,3414.636333735336,9.341825902335456
2,56,201,13.971443574787404,0.008681892707294027,14,613,2125993,199.75282349015626,184.37884158793125,0.03177628170350287,0.02634762094837631,3412.7201350321247,8.067940552016985
3,229,113,13.501616807124222,0.006666852673046592,15,709,2472529,226.13209266572142,228.89549039675498,9.507776842367155,3.0161999772754684,3413.4497242257107,8.492569002123142
4,299,185,13.968093514045503,0.009577055722902792,15,709,2454425,237.4386972990075,184.66276727414404,0.30744593970799045,0.15611931820929476,3413.7160259275815,8.9171974522293
5,106,193,14.154795665373362,0.009305071781654392,12,441,1534186,178.343949044586,169.4049641681634,15.167228403941285,7.140728283445404,3413.804893685223,8.492569002123142
6,76,179,14.416121728832799,0.010892483409066584,12,441,1527924,169.42675159235668,150.22773120804936,2.6551622466752054,1.2063066089428403,3413.504827156649,8.067940552016985
7,149,52,14.40684059448514,0.012344544002232349,14,613,2116289,210.26612998963816,150.85359437359247,7.989030292070044,4.927487049560876,3415.2238059780875,8.492569002123142
8,96,103,15.642180114664221,0.025870097997707855,10,317,1089266,151.20589226976523,85.28624294065499,22.981350492213686,9.519320828170962,3413.2247847478475,8.492569002123142
9,147,158,16.287176722683654,0.033149828870167555,7,149,512522,103.6650158448722,63.22161330456091,31.397220555646744,19.603067667894855,3412.9196483971045,8.492569002123142
10,268,52,15.972989579074639,0.03151248589930496,8,197,678436,137.07871910624993,72.92016733555653,62.92040738586417,16.64935953648063,3416.8459350038297,9.766454352441613
11,175,77,15.903908519096277,0.030529615787565495,9,253,869554,141.8367083364434,75.46672612474173,38.49472051931671,13.445026823360175,3414.461554339973,8.9171974522293
12,309,141,16.28850196574136,0.03675629225191728,8,197,676200,119.19888617934777,63.20789957099585,28.21703719309361,18.69079275271016,3412.206910821436,8.492569002123142
13,167,182,16.543737323050948,0.04037771109781485,7,149,511571,103.6650158448722,56.12562387838258,30.485168406922167,9.71361975907248,3412.2209016393444,8.492569002123142
14,258,213,16.32840132621603,0.03918665960059205,8,197,676200,125.15883048831515,61.810312612931504,57.768013196246145,10.393088936737886,3413.093833780161,8.9171974522293
15,247,201,16.73946582074018,0.04800111756915219,7,149,511106,103.6650158448722,51.26765293185431,27.539704892491468,20.311605477295895,3412.6015286097913,8.492569002123142
16,134,115,16.880928618660224,0.047953438647986193,6,113,387945,90.2772468172794,47.87444678280332,39.50047883264281,12.709254668767164,3412.8587375685,8.492569002123142
17,270,203,16.379478201053878,0.0416271230934817,8,197,675919,125.15883048831515,60.344651614018396,58.58262077620528,28.602932443057856,3412.576258992806,8.9171974522293
18,147,101,16.90079346276127,0.0512279393764749,6,113,387788,90.2772468172794,46.16584069032408,157.9092374172774,37.215040996623074,3412.89128454297,8.492569002123142
19,273,66,16.73518378710599,0.05317925939590781,6,113,388396,103.81883383987132,49.519877444516915,214.18901029291976,61.853791101167914,3415.4316967953987,9.766454352441613
20,131,132,16.970661498696693,0.057376347965934806,6,113,387682,94.79110915814337,45.034111207492536,118.45110719811181,43.056827450000235,3412.8666267942585,8.9171974522293
21,66,213,17.053770444727128,0.05678501842210053,6,113,387500,85.76338447641544,43.69749731199655,78.87409759323708,39.36462282601074,3412.305563970514,8.067940552016985
22,221,156,17.239985245305817,0.06185028618049597,6,113,387188,85.76338447641544,39.85371804565043,86.64679588165285,12.673740025542516,3412.3865589198035,8.067940552016985
23,237,166,17.295416685482433,0.07214809050709999,6,113,387068,90.2772468172794,38.76842576071085,88.60694805635163,39.15155772202429,3412.079727115365,8.492569002123142
24,279,210,16.882790199182168,0.06898351989607387,7,149,510638,108.84826663711581,46.37106152865414,177.19373355250517,88.71201512412988,3412.66929297118,8.9171974522293
25,139,201,17.207494862891156,0.06818688836707433,7,149,510137,98.48176505262859,40.81371628324994,60.086620879216696,19.580619073899364,3412.5586614976537,8.067940552016985
26,126,185,17.44514412626137,0.07580893066255352,6,113,386959,85.76338447641544,36.57173894210507,49.07966667079736,26.07892993421483,3412.579716024341,8.067940552016985
27,65,159,17.129193391444797,0.058461346089013565,6,113,387338,85.76338447641544,40.98210737164768,175.3760248920749,30.66919419237226,3412.9067865077764,8.067940552016985
28,180,196,18.100778839615593,0.11721563775151156,4,49,167872,56.475583864118896,26.282528546891687,67.26230697094093,53.07571612746126,3411.861810064935,8.067940552016985
29,211,244,17.627845729790472,0.08015647196671455,5,81,277465,72.61146496815286,32.77572864311642,97.57377599680309,33.728921509233935,3412.2315013816396,8.067940552016985
30,99,205,18.520565002955657,0.17638593727976612,4,49,167663,56.475583864118896,21.11428274477172,69.14766024152111,57.99616314552767,3412.5956543708944,8.067940552016985
31,181,208,17.68841856074294,0.09638959369943631,5,81,277340,68.78980891719745,31.25095067047074,131.6149038834731,63.018827877061945,3411.893556570269,7.643312101910828
32,100,87,17.67102694697954,0.09599222026445463,6,113,386681,81.24952213555146,32.005217418040985,101.7978550237557,47.823712580061134,3412.890850071008,7.643312101910828
33,98,61,18.622840979167176,0.13620772423549568,4,49,167687,53.503184713375795,21.298457106191712,15.041897712474336,11.859469281899534,3412.9260352019533,7.643312101910828
34,229,78,17.33626306815195,0.08660234690545296,6,113,387121,94.79110915814337,36.14500827717549,226.37113339365376,68.24055927916815,3414.287950235778,8.9171974522293
35,258,197,18.168163755267678,0.10272823733741808,4,49,167782,59.447983014862,24.3378399120929,120.08691530035547,20.425626342063598,3412.034072416599,8.492569002123142
36,187,156,17.91120337322989,0.11859754829588093,6,113,386430,90.2772468172794,29.395457160402103,38.55556906583711,26.600340152257594,3412.0876734365575,8.492569002123142
37,247,172,17.416973508896206,0.08987417935076576,7,149,509775,103.6650158448722,37.122923327212916,44.90722832641573,41.84201891721676,3412.059654789543,8.492569002123142
38,128,125,18.64889377960658,0.12819886531980357,3,29,99344,45.733883712394935,19.60182079415366,73.32276040415896,21.047159684140997,3412.405814536341,8.492569002123142
39,169,194,19.092930961794767,0.16713496484246979,3,29,99247,43.44718952677519,17.21531533966501,7.6007422796965285,2.3357727013310994,3412.0907902674444,8.067940552016985
40,276,177,18.008602341537017,0.10925998310323191,4,49,167891,56.475583864118896,26.230054935560617,137.18392182274218,54.940014443110876,3412.305800368928,8.067940552016985
